




16903623 {161364360, 532816074};


45190947 {161364360};
64358188 {102665216, 237042531, 155851175, 161364360, 505581496, 100735323};


83187867 {161364360};

92275996 {161364360};


100735323 {102665216, 155851175, 161364360, 64358188, 505581496};
102665216 {157666753, 237042531, 197258118, 155851175, 161364360, 532816074, 141440396, 64358188, 214088110, 208953491, 138381173, 222027830, 505581496, 100735323};
109820732 {138381173};

116552970 {161364360, 393362073};




134319778 {251957369};

138381173 {102665216, 237042531, 109820732, 161364360};
140934897 {161364360};
141440396 {102665216, 237042531, 197258118, 214088110, 222027830};




151037457 {393362073};
154351883 {251957369};

155851175 {102665216, 157666753, 161364360, 64358188, 100735323};
157666753 {102665216, 161364360, 155851175};

161364360 {102665216, 169708037, 197258118, 116552970, 173935370, 163137296, 208953491, 393362073, 83187867, 92275996, 45190947, 155851175, 528687017, 64358188, 201498414, 214088110, 400513969, 222027830, 505581496, 157666753, 16903623, 193553993, 532816074, 187237590, 214224857, 100735323, 237042531, 221825263, 140934897, 264518257, 138381173, 417986549, 386747131};
163137296 {169708037, 161364360, 193553993, 173935370, 528687017, 201498414, 400513969, 187237590, 393362073};
169708037 {161364360, 193553993, 173935370, 528687017, 201498414, 163137296, 400513969, 393362073};


173935370 {169708037, 161364360, 193553993, 528687017, 201498414, 163137296, 400513969, 208953491, 187237590, 393362073};







187237590 {161364360, 193553993, 173935370, 201498414, 163137296, 400513969, 393362073};


193553993 {169708037, 161364360, 528687017, 173935370, 201498414, 163137296, 400513969, 187237590, 393362073};
197258118 {102665216, 237042531, 161364360, 141440396, 214088110, 222027830};
201498414 {169708037, 361991910, 161364360, 193553993, 173935370, 163137296, 400513969, 187237590, 393362073};

208953491 {102665216, 417986549, 173935370, 161364360};
209808486 {468078594};


214088110 {102665216, 237042531, 197258118, 161364360, 141440396, 222027830};
214224857 {161364360};


222027830 {102665216, 237042531, 197258118, 141440396, 214088110};


237042531 {102665216, 197258118, 161364360, 141440396, 64358188, 214088110, 138381173, 222027830};



251957369 {134319778, 154351883};
264518257 {161364360};
















361991910 {528687017, 201498414};





386747131 {532816074, 494914450};
393362073 {169708037, 161364360, 193553993, 116552970, 173935370, 528687017, 201498414, 163137296, 151037457, 400513969, 187237590};
400513969 {169708037, 161364360, 193553993, 173935370, 528687017, 201498414, 163137296, 187237590, 393362073};

417986549 {161364360, 208953491};













494914450 {532816074, 386747131};

505581496 {102665216, 100735323, 64358188, 161364360};





528687017 {169708037, 361991910, 161364360, 193553993, 116552970, 532816074, 173935370, 201498414, 163137296, 400513969, 393362073, 118715993};
532816074 {102665216, 16903623, 161364360, 494914450, 386747131};


