
29480305 {237042531, 98604072, 182032300, 214088110, 386459854, 225935122, 162096345, 79269115, 203629561, 106195646, 70603487};
49194709 {237042531, 98604072, 182032300, 214088110, 225935122, 162096345, 70603487};
70603487 {237042531, 98604072, 182032300, 214088110, 386459854, 29480305, 111494354, 225935122, 49194709, 162096345, 106195646, 187769823};
79269115 {237042531, 98604072, 182032300, 214088110, 29480305, 225935122, 162096345, 203629561, 106195646, 70603487};
98604072 {237042531, 182032300, 321196972, 214088110, 386459854, 29480305, 111494354, 225935122, 49194709, 162096345, 187769823, 79269115, 203629561, 106195646, 70603487};
106195646 {237042531, 98604072, 182032300, 214088110, 386459854, 29480305, 111494354, 225935122, 162096345, 187769823, 79269115, 203629561, 70603487};
111494354 {98604072, 182032300, 214088110, 386459854, 225935122, 162096345, 187769823, 106195646, 70603487};
162096345 {237042531, 98604072, 182032300, 214088110, 386459854, 29480305, 111494354, 225935122, 49194709, 203629561, 187769823, 79269115, 106195646, 70603487};
182032300 {237042531, 98604072, 214088110, 386459854, 29480305, 111494354, 225935122, 49194709, 162096345, 187769823, 79269115, 203629561, 106195646, 70603487};
187769823 {237042531, 98604072, 182032300, 214088110, 386459854, 111494354, 225935122, 162096345, 203629561, 106195646, 70603487};
203629561 {237042531, 98604072, 182032300, 214088110, 386459854, 29480305, 225935122, 162096345, 79269115, 106195646, 187769823};
214088110 {237042531, 98604072, 182032300, 386459854, 29480305, 111494354, 225935122, 49194709, 162096345, 187769823, 79269115, 203629561, 106195646, 70603487};
225935122 {237042531, 98604072, 182032300, 214088110, 386459854, 29480305, 111494354, 49194709, 162096345, 187769823, 79269115, 203629561, 106195646, 70603487};
237042531 {98604072, 182032300, 214088110, 386459854, 29480305, 225935122, 49194709, 162096345, 187769823, 79269115, 203629561, 106195646, 70603487};
321196972 {98604072};
386459854 {237042531, 98604072, 182032300, 214088110, 29480305, 225935122, 111494354, 162096345, 187769823, 203629561, 106195646, 70603487};