
3652828 {559502721, 300747525, 219027301, 208495462, 401213551};
8800737 {565765792, 574372099, 300747525, 81582118, 142708711, 401213551, 114415442, 561704797, 551949118};
11917049 {565765792, 541959458, 300747525, 142708711, 401213551, 565679549, 530180126};
27150068 {102292936, 58113836, 109596254, 401213551};
29188575 {58113836, 401213551};
49891605 {129405536, 173614977, 102292936, 314773512, 124512842, 71111627, 58113836, 148029259, 226911998, 401213551, 159947184, 214058814, 229366510, 172963763, 208557398, 184080412, 109596254};
58113836 {129405536, 159970342, 102292936, 124512842, 71111627, 109008684, 167285215, 401213551, 159947184, 361316953, 121136915, 27150068, 49891605, 172963763, 147109817, 184080412, 29188575};
71111627 {102292936, 314773512, 58113836, 109008684, 83364527, 159947184, 401213551, 49891605, 109596254, 167285215};
81582118 {8800737, 562700228, 401213551, 114415442, 551949118};
83364527 {102292936, 71111627, 109008684, 401213551, 159947184, 84254776};
84211050 {174919242, 237042531};
84254776 {129405536, 237042531, 314773512, 83364527, 187879000, 109596254};
102292936 {314773512, 49891605, 184080412, 159949094, 58113836, 109008684, 83364527, 159947184, 172963763, 214058814, 306876478, 222844479, 124512842, 71111627, 208557398, 109596254, 129405536, 138387812, 229366510, 401213551, 27150068};
109008684 {102292936, 314773512, 124512842, 71111627, 58113836, 83364527, 159947184, 401213551, 167285215};
109596254 {129405536, 138387812, 159949094, 102292936, 124512842, 71111627, 187879000, 401213551, 159947184, 172963763, 27150068, 49891605, 216552727, 84254776, 184080412, 306876478, 226911998, 167285215};
114415442 {565765792, 8800737, 541959458, 574372099, 552372899, 300747525, 81582118, 134894567, 562700228, 401213551, 551949118, 555822928, 298597716, 563334453, 565679549, 530180126, 544222303};
121136915 {58113836};
124512842 {102292936, 109008684, 58113836, 222844479, 401213551, 159947184, 49891605, 109596254, 167285215};
129405536 {239351303, 146423560, 314773512, 163535628, 49891605, 216552727, 159949094, 58113836, 84254776, 306876478, 102292936, 174919242, 187879000, 109596254, 167285215, 237042531, 229366510, 401213551, 139134326, 226911998};
134894567 {559502721, 219924740, 300747525, 545708051, 530180126, 565765792, 541959458, 552372899, 563334453, 565679549, 551949118, 562700228, 555822928, 114415442, 298597716, 544222303, 219027301, 208495462, 142708711, 401213551, 548657532};
138387812 {102292936, 229366510, 109596254, 222844479};
139134326 {129405536};
142708711 {8800737, 561704797, 11917049, 401213551};
146423560 {129405536, 184080412};
147109817 {58113836};
148029259 {559502721, 49891605, 401213551};
159947184 {159949094, 102292936, 314773512, 124512842, 71111627, 109008684, 58113836, 83364527, 401213551, 49891605, 184080412, 109596254, 167285215};
159949094 {129405536, 102292936, 314773512, 174919242, 229366510, 401213551, 159947184, 214058814, 208557398, 109596254};
159970342 {58113836, 401213551};
163535628 {129405536, 216552727};
167285215 {129405536, 237042531, 102292936, 314773512, 124512842, 71111627, 109008684, 58113836, 159947184, 109596254};
172963763 {102292936, 58113836, 401213551, 49891605, 361316953, 109596254};
173614977 {49891605, 208557398};
174919242 {129405536, 159949094, 84211050, 250667662, 187879000};
184080412 {102292936, 146423560, 58113836, 401213551, 159947184, 49891605, 361316953, 109596254};
184810825 {187879000, 229366510};
187879000 {129405536, 237042531, 314773512, 184810825, 174919242, 226911998, 229366510, 401213551, 84254776, 306876478, 109596254, 222844479};
197943493 {401213551};
208495462 {565765792, 559502721, 541959458, 300747525, 342238277, 210168455, 561704797, 401213551, 3652828, 565679549, 551949118};
208557398 {102292936, 173614977, 49891605, 159949094};
210168455 {565765792, 544222303, 208495462, 401213551};
214058814 {102292936, 49891605, 159949094};
216552727 {129405536, 163535628, 109596254};
219027301 {562700228, 300747525, 134894567, 401213551, 555822928, 3652828, 530180126};
219924740 {565679549, 552372899, 562700228, 300747525, 134894567, 401213551, 551949118, 528946013, 530180126, 544222303};
222844479 {102292936, 124512842, 187879000, 138387812};
226911998 {129405536, 401213551, 49891605, 187879000, 109596254};
229366510 {129405536, 138387812, 159949094, 102292936, 184810825, 49891605, 187879000};
237042531 {129405536, 84211050, 187879000, 84254776, 167285215};
239351303 {129405536};
250667662 {174919242};
266806752 {342238277, 401213551};
298597716 {565765792, 541959458, 552372899, 300747525, 134894567, 401213551, 114415442, 548657532, 551949118, 544222303};
300747525 {559502721, 574372099, 219924740, 458010901, 530180126, 565765792, 541959458, 563334453, 565679549, 551949118, 562700228, 342238277, 555822928, 114415442, 298597716, 3652828, 544222303, 8800737, 219027301, 134894567, 401213551, 11917049, 548657532};
306876478 {129405536, 102292936, 513662735, 187879000, 109596254};
314773512 {129405536, 159949094, 102292936, 71111627, 109008684, 187879000, 401213551, 159947184, 49891605, 84254776, 167285215};

342238277 {266806752, 565765792, 541959458, 562700228, 300747525, 208495462, 401213551};
342749755 {102292936};
361316953 {172963763, 184080412, 58113836};
401213551 {559502721, 574372099, 219924740, 300747525, 210168455, 314773512, 545708051, 458010901, 184080412, 530180126, 565765792, 541959458, 552372899, 81582118, 159970342, 109008684, 58113836, 83364527, 159947184, 172963763, 563334453, 565679549, 551949118, 562700228, 197943493, 342238277, 102292936, 124512842, 71111627, 148029259, 555822928, 114415442, 535424979, 298597716, 187879000, 3652828, 528946013, 109596254, 29188575, 129405536, 8800737, 266806752, 544222303, 561704797, 219027301, 208495462, 134894567, 142708711, 27150068, 11917049, 548657532, 226911998};
458010901 {565765792, 541959458, 562700228, 300747525, 565679549, 551949118, 544222303};

513662735 {306876478};

528946013 {562700228, 219924740, 401213551, 551949118, 544222303};
530180126 {541959458, 552372899, 219924740, 300747525, 219027301, 134894567, 562700228, 401213551, 555822928, 114415442, 563334453, 11917049, 548657532, 561704797, 551949118};
535424979 {401213551};
541959458 {300747525, 545708051, 458010901, 530180126, 565765792, 552372899, 563334453, 565679549, 551949118, 562700228, 342238277, 555822928, 114415442, 298597716, 544222303, 134894567, 401213551, 11917049, 548657532};
544222303 {559502721, 541959458, 219924740, 300747525, 562700228, 210168455, 134894567, 401213551, 555822928, 114415442, 298597716, 458010901, 563334453, 528946013, 551949118};
545708051 {565765792, 559502721, 541959458, 134894567, 401213551, 555822928, 548657532, 565679549, 551949118};
548657532 {565765792, 559502721, 541959458, 562700228, 300747525, 134894567, 401213551, 551949118, 555822928, 545708051, 563334453, 565679549, 530180126};
551949118 {574372099, 219924740, 545708051, 458010901, 530180126, 541959458, 552372899, 81582118, 563334453, 565679549, 562700228, 555822928, 114415442, 298597716, 528946013, 544222303, 8800737, 134894567, 401213551, 548657532};
552372899 {559502721, 541959458, 219924740, 401213551, 551949118, 555822928, 114415442, 298597716, 563334453, 565679549, 530180126};
555822928 {565765792, 541959458, 552372899, 300747525, 219027301, 134894567, 401213551, 551949118, 114415442, 545708051, 548657532, 565679549, 530180126, 544222303};
559502721 {565765792, 552372899, 300747525, 208495462, 134894567, 148029259, 401213551, 545708051, 548657532, 3652828, 544222303};
561704797 {8800737, 208495462, 142708711, 401213551, 530180126};
562700228 {565765792, 541959458, 219924740, 219027301, 81582118, 134894567, 300747525, 342238277, 401213551, 551949118, 114415442, 458010901, 563334453, 548657532, 528946013, 530180126, 544222303};
563334453 {565765792, 541959458, 552372899, 562700228, 300747525, 134894567, 401213551, 551949118, 114415442, 548657532, 530180126, 544222303};
565679549 {565765792, 541959458, 552372899, 219924740, 300747525, 134894567, 401213551, 555822928, 114415442, 545708051, 458010901, 11917049, 548657532, 551949118};
565765792 {559502721, 300747525, 210168455, 458010901, 530180126, 541959458, 563334453, 565679549, 551949118, 562700228, 342238277, 555822928, 114415442, 298597716, 8800737, 219027301, 208495462, 134894567, 401213551, 11917049, 548657532};
574372099 {8800737, 300747525, 401213551};