
147248 {197312642, 141305092, 490905608, 157160330, 2617489, 64360725, 239533845, 56704415, 121481890, 19093413, 432681130, 12601518, 103487414, 10833720, 456636476, 58308689, 194824145, 307530347, 15245048, 132235517, 168680062};

896736 {8270423};
1138138 {6385539, 70977284, 51303818, 9048843, 511664014, 16165015, 185638684, 68303011, 15899559, 3582760, 55007808, 1760964, 16052178, 8270423, 35268446, 23216734, 139354601, 8198762, 31588332, 50179704};
1402028 {36892896, 16052178, 56805157};
1760964 {6385539, 131184328, 9955530, 9048843, 51303818, 16052178, 8270423, 1138138};


2617489 {502447968, 8861153, 121481890, 197312642, 19093413, 65792551, 157160330, 137515949, 12601518, 147248, 191676274, 83895891, 103487414, 15245048, 183014332, 132235517, 168680062};
2722279 {31799601};

2902315 {197312642, 157160330, 577942669, 239533845, 121481890, 19093413, 65792551, 432681130, 61928365, 137515949, 103487414, 10833720, 269747133, 53097666, 519676753, 83895891, 9215064, 502447968, 8861153, 55134565, 307530347, 191676274, 589394037, 15245048, 132235517, 168680062};
2954725 {33305015, 8171676, 8270423, 561238735};
3030934 {33793401, 99292019};
3582760 {6385539, 51303818, 9048843, 16052178, 33305015, 1138138};


4210594 {8270423};

5053806 {7753376, 484029319, 440046249, 42797099, 278942925, 168202318, 197149693, 16052178, 395672179, 28101012, 170645588, 139429369, 242587898, 167694461};
5540736 {489456102, 33305015};
5809338 {369193828, 65792551, 137068108, 137515949, 17443757, 74460596, 139429369};
5821997 {99292019, 489329397, 392824819};
6385539 {1760964, 3582760, 9955530, 22930474, 51303818, 16052178, 1138138, 11971195};
6620507 {33305015, 8651848, 16052178, 265183125, 8270423, 9254493};


6915512 {489456102, 8270423, 13969580, 40096814, 33305015, 189367741};
7086219 {196655712, 15899559, 7620780, 170645588, 384060726, 8270423, 555249754, 52655423};
7208471 {20184807, 13293069, 16052178, 11971195, 135599549};

7382961 {184396345, 297828835, 489456102, 8270423};
7620780 {196655712, 7086219, 8270423, 555249754, 52655423};
7753376 {56805157, 489456102, 5053806, 358077646, 158845487, 197149693, 16052178, 14021917};
8171676 {52655423, 213797947, 2954725, 8270423};
8185513 {13293069, 9254493, 8270423};
8198762 {16052178};
8270423 {250428420, 219865604, 31629317, 535557649, 57600535, 372197413, 63900198, 65792551, 42797099, 40096814, 158845487, 76481584, 216314416, 277494322, 23179316, 12729909, 211465785, 213797947, 389154364, 55007808, 460168259, 8651848, 339406920, 35420747, 78188113, 142624340, 170645588, 92033110, 250426456, 555249754, 9254493, 340168797, 196655712, 46750307, 332978788, 174491242, 282342002, 163178103, 167694461, 232232062, 76379265, 11596938, 7086219, 213685396, 16165015, 8171676, 55748263, 8185513, 7620780, 13969580, 220976314, 10666171, 165649596, 1760964, 131184328, 561238735, 31584977, 95314134, 59270876, 896736, 45602532, 97864422, 99819245, 146875632, 131601653, 489329397, 149668089, 132235517, 594389248, 70977284, 15437063, 221563655, 505779471, 337950993, 51744022, 469140766, 270480671, 153047328, 143893285, 15577896, 184899883, 343867179, 213265717, 384060726, 238740282, 140123451, 37098813, 52655423, 387917128, 482644302, 269892434, 142353238, 6620507, 35268446, 80172385, 237042531, 329809255, 87820144, 405788529, 206395769, 218560889, 18909054, 25110914, 270983045, 170558858, 118509966, 489683855, 511664014, 112922515, 265183125, 344882070, 101567383, 309184414, 313763233, 4210594, 43138470, 15899559, 109631402, 7382961, 195618226, 36945843, 207539633, 232470962, 470661046, 33305015, 6915512, 189367741, 160710592, 472659912, 182541771, 183588300, 249675728, 16052178, 443945426, 288200661, 14375383, 252389847, 1138138, 21009372, 455287265, 297828835, 413628900, 2954725, 588834789, 77404136, 81454056, 132332526, 256241646, 55577584, 160867315, 159124981, 160238073, 156995583};
8651848 {8270423, 561238735, 16052178, 265183125, 16165015, 6620507};

8861153 {490905608, 157160330, 577942669, 2617489, 121481890, 19093413, 65792551, 2902315, 61928365, 12601518, 137515949, 103487414, 456636476, 269747133, 53097666, 519676753, 83895891, 9215064, 502447968, 55134565, 191676274, 589394037, 15245048, 132235517, 168680062};
9048843 {1760964, 413628900, 135583334, 143157477, 3582760, 99292019};
9215064 {8861153, 121481890, 55134565, 19093413, 157160330, 2902315, 137515949, 83895891, 15245048, 456636476, 132235517};
9254493 {469298565, 484029319, 482771720, 13293069, 511664014, 344882070, 571130267, 448300324, 15899559, 8185513, 440046249, 40096814, 158845487, 430316207, 384060726, 470661046, 238740282, 186535228, 28542542, 168202318, 358077646, 561238735, 8270423, 191676274, 197149693};
9955530 {6385539, 1760964};
10666171 {472659912, 561238735, 277494322, 8270423, 186535228};
10833720 {490905608, 2902315, 141305092};

11212858 {21009372, 8270423};
11215108 {53553264, 22859730, 16052178, 33305015, 11971195};
11596938 {8270423};
11947662 {50179704, 16052178};
11971195 {6385539, 11215108, 430316207, 16052178, 7208471};
12601518 {197312642, 490905608, 157160330, 577942669, 2617489, 56704415, 121481890, 19093413, 61928365, 137515949, 147248, 456636476, 83895891, 502447968, 8861153, 55134565, 307530347, 191676274, 15245048, 132235517, 168680062};

12729909 {182541771, 173739053, 16052178, 112922515, 131601653, 8270423};
13293069 {448300324, 489456102, 484029319, 482771720, 8185513, 440046249, 168202318, 358077646, 430316207, 511664014, 114570132, 103487414, 7208471, 344882070, 238740282, 571130267, 9254493, 135599549};
13969580 {132644013, 288200661, 51744022, 8270423, 6915512};
14021917 {7753376};
14375383 {191220055, 168202318, 8270423};
15245048 {197312642, 141305092, 490905608, 157160330, 577942669, 2617489, 64360725, 19093413, 65792551, 2902315, 61928365, 12601518, 137515949, 147248, 103487414, 183014332, 456636476, 515844542, 53097666, 519676753, 83895891, 32528980, 9215064, 502447968, 8861153, 55134565, 307530347, 191676274, 589394037, 132235517, 168680062};
15437063 {78188113, 42797099, 8270423};
15577896 {8270423};

15899559 {302599139, 70977284, 489456102, 484029319, 482771720, 440046249, 7086219, 16052178, 344882070, 8270423, 16165015, 384060726, 1138138, 9254493};
16052178 {594389248, 76379265, 6385539, 11215108, 19776133, 70977284, 51303818, 11947662, 535557649, 7208471, 16165015, 44270488, 270480671, 7753376, 68303011, 56805157, 43138470, 15899559, 3582760, 372197413, 1402028, 232470962, 12729909, 55007808, 160710592, 1760964, 8651848, 387917128, 472659912, 35420747, 241852619, 28542542, 561238735, 22859730, 8270423, 104738009, 1138138, 6620507, 23216734, 35268446, 92584672, 95256031, 139354601, 8198762, 31588332, 5053806, 256241646, 53553264, 33449461, 50179704, 33793401, 242587898, 11971195};
16165015 {43138470, 15899559, 8651848, 535557649, 16052178, 8270423, 50179704, 1138138, 35268446};


16875872 {65792551, 137068108, 46299244, 137515949, 74460596};
17443757 {58176736, 65792551, 137068108, 137515949, 173086711, 5809338, 132235517};
18909054 {321179761, 150686619, 8270423};
19093413 {197312642, 157160330, 577942669, 2617489, 121481890, 65792551, 2902315, 61928365, 12601518, 137515949, 147248, 103487414, 456636476, 269747133, 53097666, 93179980, 519676753, 83895891, 9215064, 502447968, 8861153, 55134565, 191676274, 15245048, 132235517, 168680062};

19776133 {16052178};
20184807 {7208471};
21009372 {55577584, 11212858, 8270423};
21282511 {104738009, 469298565, 173739053, 511664014};
21483220 {189233415};
21805041 {33793401};
22859730 {80027481, 16052178, 99292019, 11215108};
22930474 {6385539};
23179316 {372197413, 265183125, 8270423};
23216734 {16052178, 1138138};
24518515 {135583334};
25110914 {8270423};
26478001 {195723856};
28101012 {5053806};
28542542 {195723856, 242587898, 16052178, 9254493};
29384004 {33793401, 70977284};
29430059 {59270876};
30324528 {494811938, 65792551, 93179980, 505779471, 74460596, 133498967};

31584977 {42797099, 8270423};
31588332 {16052178, 1138138};
31629317 {8270423};
31799601 {173739053, 2722279};

31873455 {58176736, 65792551, 187240051, 74460596, 155122711};
31905893 {186535228};
32401073 {65792551, 46299244, 137515949, 173086711, 191220055};
32528980 {121481890, 168318328, 137515949, 103487414, 15245048, 132235517};

33305015 {11215108, 344882070, 57600535, 3582760, 173739053, 40096814, 158845487, 207539633, 476143797, 470661046, 6915512, 379291707, 358077646, 561238735, 170645588, 8270423, 80172385, 489456102, 77404136, 138428140, 191676274, 132235517, 167694461, 168680062};
33449461 {16052178};
33793401 {92584672, 29384004, 70977284, 13293069, 21805041, 16052178, 99292019, 3030934, 186535228};

35268446 {70977284, 8270423, 51303818, 16052178, 16165015, 1138138};
35420747 {16052178, 42797099, 8270423};
36677833 {135583334, 278942925, 101596976, 99292019, 186535228, 197149693};
36741476 {132235517};
36892896 {1402028, 167694461, 191220055};
36945843 {8270423};
37098813 {8270423};


40096814 {80172385, 250428420, 8270423, 163178103, 329809255, 505779471, 561238735, 33305015, 6915512, 250426456, 9254493, 189367741};

42597109 {135583334, 36677833, 278942925, 16052178, 170645588, 238740282, 270480671};
42797099 {15437063, 35420747, 206524365, 5053806, 31584977, 282342002, 321179761, 489329397, 8270423, 160238073, 220976314, 150686619, 59270876};
43138470 {50179704, 16052178, 16165015, 8270423};

44270488 {16052178, 56805157};
44352107 {62865344, 96582311, 387544903, 133783821, 384060726, 103487414};
45602532 {192500328, 99292019, 8270423, 242587898, 186535228, 52655423};
46299244 {16875872, 58176736, 65792551, 182541771, 93179980, 137068108, 137515949, 193971181, 32401073, 74460596, 155122711, 139429369, 132235517};
46750307 {387917128, 8270423};
49368149 {55748263};
50179704 {16052178, 56805157, 11947662, 16165015};
50845473 {505779471, 372197413, 8270423};

51303818 {6385539, 1760964, 3582760, 16052178, 1138138, 35268446};
51744022 {277408059, 173739053, 316492862, 8270423};

52655423 {196655712, 45602532, 489456102, 387544903, 192500328, 7086219, 7620780, 561238735, 8171676, 99292019, 8270423, 555249754, 186535228};
53097666 {8861153, 121481890, 55134565, 19093413, 157160330, 2902315, 83895891, 15245048, 456636476, 132235517};
53500863 {418212464, 276532869, 416703743};
53553264 {16052178, 11215108};
55007808 {16052178, 1138138, 70977284, 8270423};
55134565 {197312642, 157160330, 239533845, 121481890, 19093413, 65792551, 432681130, 2902315, 137515949, 12601518, 456636476, 53097666, 194824145, 83895891, 8861153, 307530347, 15245048, 132235517, 168680062};
55577584 {21009372, 8270423, 191220055};
55748263 {57600535, 174491242, 207539633, 49368149, 95314134, 8270423, 489329397};
56704415 {121481890, 197312642, 490905608, 12601518, 147248};
56805157 {7753376, 1402028, 50179704, 16052178, 44270488};

57600535 {8270423};

58176736 {176587137, 441197963, 505779471, 429509909, 155122711, 449700119, 65792551, 17443757, 137515949, 31873455, 296448305, 74460596, 93179980, 137068108, 369193828, 220100330, 46299244, 187240051, 173086711, 139429369};
58308689 {141305092, 490905608, 157160330, 147248, 168680062};

59270876 {29430059, 176587137, 42797099, 8270423};

61841278 {159194576, 192049377, 154395452, 170645588};
61928365 {502447968, 8861153, 19093413, 65792551, 157160330, 2902315, 137515949, 12601518, 577942669, 519676753, 191676274, 83895891, 103487414, 15245048, 132235517};
62865344 {44352107, 387544903};
63900198 {140123451, 221563655, 8270423};
64360725 {147248, 15245048, 141305092};

65792551 {176587137, 197312642, 216787457, 157160330, 441197963, 577942669, 505779471, 2617489, 429509909, 344882070, 155122711, 449700119, 568266273, 121481890, 494811938, 19093413, 372197413, 144802601, 432681130, 2902315, 61928365, 17443757, 31873455, 30324528, 32401073, 132644013, 137515949, 74460596, 143607600, 103487414, 155137328, 296448305, 5809338, 456636476, 269747133, 93179980, 137068108, 561238735, 519676753, 83895891, 288200661, 547342550, 8270423, 16875872, 8861153, 58176736, 502447968, 369193828, 55134565, 489456102, 303850727, 220100330, 307530347, 46299244, 138428140, 193971181, 191676274, 187240051, 173086711, 15245048, 139429369, 132235517};



68303011 {16052178, 1138138, 70977284};


70977284 {55007808, 68303011, 29384004, 15899559, 101567383, 16052178, 8270423, 33793401, 1138138, 35268446, 270480671};
74460596 {176587137, 216787457, 505779471, 155122711, 449700119, 65792551, 137515949, 31873455, 30324528, 296448305, 5809338, 93179980, 137068108, 16875872, 58176736, 369193828, 77404136, 220100330, 46299244, 187240051, 139429369};
75409060 {99292019, 95610135, 489456102, 387544903};

76379265 {118509966, 158845487, 256241646, 561238735, 16052178, 232470962, 8270423, 140123451};
76481584 {8270423};
77404136 {93179980, 505779471, 146875632, 8270423, 270480671};
78188113 {417454280, 220976314, 15437063, 8270423};


80027481 {22859730, 186535228, 197149693, 135583334};
80172385 {8270423, 40096814, 158845487, 33305015, 167694461};
81454056 {8270423};

83319550 {109631402, 191676274};

83895891 {157160330, 144086795, 577942669, 2617489, 121481890, 19093413, 65792551, 2902315, 61928365, 12601518, 137515949, 103487414, 456636476, 53097666, 519676753, 9215064, 502447968, 8861153, 55134565, 191676274, 15245048, 132235517};


87820144 {173739053, 316492862, 8270423};



92033110 {405788529, 213265717, 232232062, 8270423};
92296168 {155137328, 103487414};
92584672 {33793401, 16052178, 104738009, 213463550};
93179980 {176587137, 441197963, 505779471, 429509909, 155122711, 449700119, 65792551, 132644013, 137515949, 30324528, 296448305, 74460596, 137068108, 58176736, 369193828, 77404136, 220100330, 46299244, 187240051, 173086711, 139429369, 132235517};

95256031 {16052178};
95314134 {55748263, 8270423};

95610135 {75409060, 170645588};
96582311 {44352107};

97864422 {8270423};

99292019 {135583334, 36677833, 9048843, 133783821, 101596976, 197149693};
99819245 {8270423};


101567383 {70977284, 511664014, 170645588, 265183125, 470661046, 8270423, 238740282, 316492862};
101596976 {36677833, 99292019};

103487414 {484029319, 157160330, 229198859, 13293069, 577942669, 2617489, 121481890, 448300324, 19093413, 65792551, 109631402, 2902315, 61928365, 137515949, 430316207, 238740282, 186535228, 515844542, 278942925, 519676753, 83895891, 32528980, 502447968, 8861153, 302599139, 44352107, 191676274, 99292019, 589394037, 15245048, 132235517, 168680062};

104738009 {92584672, 16052178, 183588300, 21282511};

109631402 {103487414, 83319550, 8270423};

112922515 {484029319, 472659912, 133783821, 511664014, 561238735, 405788529, 431553301, 12729909, 8270423};


114570132 {302599139, 13293069, 505779471};
118509966 {76379265, 256241646, 232470962, 16052178, 8270423, 140123451};

121481890 {490905608, 157160330, 239533845, 56704415, 19093413, 65792551, 2902315, 137515949, 12601518, 103487414, 456636476, 53097666, 83895891, 32528980, 9215064, 502447968, 55134565, 307530347, 168318328, 132235517, 168680062};



125678675 {195618226};
131184328 {1760964, 8270423};

131601653 {489683855, 12729909, 8270423};
131703390 {241852619, 297828835};

132235517 {197312642, 490905608, 157160330, 229198859, 577942669, 2617489, 121481890, 19093413, 65792551, 144802601, 432681130, 2902315, 61928365, 12601518, 17443757, 147248, 137515949, 103487414, 33305015, 456636476, 269747133, 515844542, 53097666, 387544903, 182541771, 519676753, 83895891, 32528980, 8270423, 9215064, 502447968, 8861153, 36741476, 55134565, 489456102, 307530347, 46299244, 138428140, 191676274, 589394037, 15245048, 168680062};
132332526 {160710592, 472659912, 270480671, 8270423};
132350750 {154584755};

132644013 {173086711, 93179980, 65792551};

133498967 {30324528};
133783821 {99292019, 112922515, 50179704, 154395452, 197149693};
135583334 {219865604, 484029319, 36677833, 137068108, 358077646, 24518515, 142624340, 170645588, 250426456, 80027481, 197149693, 2380318};
135599549 {13293069, 7208471};
137068108 {16875872, 58176736, 369193828, 135583334, 65792551, 144802601, 93179980, 206524365, 17443757, 505779471, 46299244, 137515949, 74460596, 155122711, 139429369, 5809338};
137515949 {176587137, 216787457, 490905608, 157160330, 441197963, 13293069, 577942669, 505779471, 2617489, 429509909, 155122711, 449700119, 568266273, 121481890, 19093413, 65792551, 144802601, 2902315, 61928365, 12601518, 17443757, 32401073, 74460596, 103487414, 33305015, 5809338, 456636476, 269747133, 515844542, 387544903, 93179980, 137068108, 206524365, 519676753, 83895891, 32528980, 9215064, 16875872, 8861153, 58176736, 502447968, 369193828, 55134565, 303850727, 220100330, 46299244, 138428140, 170388844, 191676274, 187240051, 589394037, 173086711, 15245048, 139429369, 132235517};
138046289 {448300324, 489456102, 484029319, 482771720, 278942925, 430316207, 318080727, 197149693};
138428140 {65792551, 144802601, 137515949, 206524365, 191676274, 173086711, 33305015, 132235517, 191220055};

139354601 {16052178, 1138138};
139429369 {58176736, 369193828, 65792551, 5809338, 144802601, 137068108, 137515949, 5053806, 505779471, 46299244, 99292019, 74460596, 155122711, 191220055, 242587898};

140123451 {76379265, 63900198, 256241646, 118509966, 8270423};


141305092 {197312642, 19093413, 183014332, 307530347, 147248, 194824145, 15245048, 58308689, 64360725, 239533845, 10833720, 456636476, 168680062};



142353238 {8270423};

142624340 {135583334, 8270423, 191220055, 186535228, 197149693};
143157477 {9048843};

143607600 {65792551};
143893285 {8270423};
144086795 {83895891};
144802601 {65792551, 182541771, 137068108, 137515949, 138428140, 173086711, 155122711, 139429369, 132235517};

146502226 {186535228, 173739053};
146875632 {77404136, 8270423};


149668089 {159124981, 469140766, 8270423};

150686619 {42797099, 18909054};
152041102 {302599139, 469298565, 387544903, 484029319, 462996621, 358077646, 430316207, 505779471, 344882070, 186535228};
153047328 {8270423};

154395452 {484029319, 482771720, 133783821, 430316207, 170645588, 344882070, 191220055, 384060726, 167694461, 61841278};
154584755 {132350750};


155122711 {58176736, 216787457, 65792551, 144802601, 220100330, 93179980, 137068108, 137515949, 31873455, 46299244, 296448305, 505779471, 187240051, 74460596, 429509909, 449700119, 139429369};
155137328 {92296168, 65792551};



156995583 {8270423};
157160330 {197312642, 168318328, 577942669, 2617489, 121481890, 19093413, 65792551, 432681130, 2902315, 61928365, 12601518, 137515949, 147248, 103487414, 456636476, 515844542, 53097666, 58308689, 519676753, 83895891, 9215064, 502447968, 8861153, 55134565, 307530347, 191676274, 15245048, 132235517, 168680062};


158845487 {7753376, 76379265, 80172385, 8270423, 484029319, 561238735, 167694461, 33305015, 9254493};
159124981 {455287265, 561238735, 8270423, 149668089, 469140766};
159194576 {61841278};

160238073 {42797099, 8270423};
160710592 {594389248, 472659912, 343867179, 132332526, 16052178, 8270423};
160867315 {443945426, 8270423};




163178103 {40096814, 8270423};


165649596 {8270423};


167694461 {36892896, 80172385, 8270423, 5053806, 158845487, 33305015, 154395452};
168202318 {484029319, 482771720, 13293069, 370945311, 492998559, 448300324, 440046249, 430316207, 384060726, 470661046, 238740282, 186535228, 278942925, 555822928, 519676753, 170645588, 318080727, 14375383, 191220055, 9254493, 302599139, 413628900, 135583334, 5053806, 242587898, 197149693};
168318328 {121481890, 157160330, 2902315, 32528980, 515844542};
168680062 {197312642, 490905608, 157160330, 2617489, 239533845, 121481890, 19093413, 432681130, 2902315, 12601518, 147248, 103487414, 33305015, 183014332, 456636476, 515844542, 58308689, 194824145, 8861153, 55134565, 307530347, 15245048, 132235517};

170388844 {372197413, 137515949, 489456102, 505779471};
170558858 {489456102, 8270423};
170645588 {484029319, 482771720, 7086219, 344882070, 101567383, 95610135, 370945311, 440046249, 430316207, 384060726, 470661046, 238740282, 154395452, 186535228, 278942925, 358077646, 8270423, 191220055, 318080727, 135583334, 489456102, 489329397, 242587898, 197149693, 61841278};




173086711 {58176736, 588834789, 65792551, 144802601, 182541771, 93179980, 137515949, 138428140, 17443757, 132644013, 32401073, 206524365, 429509909};

173739053 {21282511, 87820144, 31799601, 146502226, 321179761, 430316207, 12729909, 51744022, 33305015, 489329397, 316492862};
174491242 {55748263, 8270423};

176587137 {58176736, 65792551, 441197963, 93179980, 137515949, 505779471, 74460596, 344882070, 59270876};











182541771 {369193828, 588834789, 8270423, 144802601, 46299244, 13293069, 12729909, 429509909, 173086711, 132235517};
183014332 {15245048, 2617489, 141305092, 168680062};
183588300 {104738009, 185638684, 8270423};



184396345 {7382961, 297828835};
184899883 {460168259, 8270423};
185638684 {1138138, 183588300, 270480671};

186535228 {484029319, 482771720, 152041102, 505779471, 344882070, 440046249, 103487414, 384060726, 516018358, 254883900, 36677833, 225531081, 278942925, 168202318, 146502226, 170645588, 142624340, 318080727, 80027481, 9254493, 479012964, 31905893, 197149693};


187240051 {58176736, 65792551, 93179980, 137515949, 31873455, 74460596, 155122711};
189233415 {387917128, 413628900, 21483220, 389154364};
189367741 {6915512, 40096814, 8270423};


191220055 {36892896, 219865604, 484029319, 318080727, 138428140, 278942925, 168202318, 358077646, 430316207, 170645588, 142624340, 288200661, 14375383, 344882070, 154395452, 197149693};
191676274 {481818244, 484029319, 482771720, 157160330, 229198859, 577942669, 2617489, 448300324, 19093413, 65792551, 440046249, 2902315, 61928365, 137515949, 103487414, 384060726, 269747133, 519676753, 9254493, 502447968, 8861153, 138428140, 589394037, 15245048, 132235517, 83319550};


192049377 {61841278};
192500328 {45602532, 358077646, 52655423};


193971181 {303850727, 46299244, 65792551, 505779471};
194824145 {55134565, 490905608, 307530347, 147248, 168680062};


195618226 {125678675, 505779471, 372197413, 8270423};
195723856 {26478001};
196655712 {7086219, 7620780, 8270423, 555249754, 52655423};

197149693 {25110914, 484029319, 133783821, 511664014, 505779471, 344882070, 7753376, 440046249, 430316207, 384060726, 470661046, 238740282, 186535228, 389154364, 387544903, 36677833, 278942925, 168202318, 358077646, 138046289, 170645588, 142624340, 191220055, 318080727, 80027481, 9254493, 135583334, 489456102, 5053806, 191676274, 99292019, 242587898, 11971195};
197312642 {141305092, 19093413, 55134565, 65792551, 490905608, 157160330, 2902315, 307530347, 432681130, 12601518, 147248, 2617489, 15245048, 456636476, 132235517, 168680062, 56704415};

200430444 {12601518, 344882070, 33305015, 242587898, 167694461};




206395769 {277494322, 505779471, 372197413, 8270423};

206524365 {42797099, 138428140, 137515949, 173086711};

207539633 {33305015, 55748263, 8270423};


211465785 {8270423, 339406920, 440046249, 252389847, 270480671};


213265717 {405788529, 232232062, 92033110, 8270423};
213463550 {92584672};
213685396 {8270423};
213797947 {8171676, 8270423};


214727187 {92296168};


216314416 {8270423};
216787457 {155122711, 74460596, 137515949, 65792551};
218560889 {8270423};

219865604 {135583334, 191220055};

220100330 {58176736, 65792551, 93179980, 206524365, 137515949, 505779471, 74460596};
220976314 {78188113, 42797099, 8270423};
221563655 {63900198, 8270423};


225531081 {186535228};



229198859 {191676274, 132235517, 103487414};




232232062 {213265717, 92033110, 8270423};
232470962 {76379265, 16052178, 118509966, 8270423};



237042531 {8270423};





238740282 {8270423, 13293069, 168202318, 197149693, 170645588, 103487414, 101567383, 9254493};
239533845 {121481890, 141305092, 55134565, 2902315, 147248, 168680062};



241852619 {16052178, 131703390};


242587898 {28542542, 5053806, 16052178, 170645588, 197149693};

249036073 {242587898, 191220055};
249675728 {8270423};
250426456 {135583334, 40096814, 8270423};


252389847 {339406920, 211465785, 8270423};


254883900 {186535228};
256241646 {76379265, 118509966, 16052178, 8270423, 140123451};




265183125 {8651848, 101567383, 16052178, 23179316, 8270423, 6620507};



269747133 {8861153, 19093413, 65792551, 157160330, 2902315, 137515949, 2617489, 519676753, 191676274, 103487414, 15245048, 132235517};
269892434 {8270423};

270480671 {70977284, 132332526, 16052178, 8270423, 211465785, 185638684};

270983045 {8270423};






276532869 {53500863};


277408059 {51744022};
277494322 {206395769, 10666171, 8270423};
278942925 {36677833, 5053806, 168202318, 279159953, 337950993, 138046289, 170645588, 103487414, 191220055, 11971195, 186535228, 197149693};




282342002 {42797099, 8270423};





288200661 {219865604, 8270423, 65792551, 13969580, 191220055};








296448305 {58176736, 65792551, 93179980, 505779471, 74460596, 155122711};

297828835 {7382961, 184396345, 131703390, 8270423};

302599139 {15899559, 168202318, 152041102, 114570132, 103487414};

303850727 {193971181, 137515949, 65792551};




307530347 {121481890, 197312642, 55134565, 65792551, 157160330, 2902315, 12601518, 147248, 194824145, 15245048, 132235517, 168680062};





313763233 {8270423};


316492862 {87820144, 173739053, 51744022, 101567383};
317567996 {387544903};


318080727 {168202318, 138046289, 170645588, 191220055, 186535228, 197149693};

321179761 {42797099, 173739053, 18909054};




329809255 {40096814, 8270423};



332978788 {8270423};

337950993 {8270423};


339406920 {33793401, 211465785, 511664014, 8270423};
340168797 {8270423};



343867179 {160710592, 8270423};

344882070 {176587137, 8270423, 15899559, 65792551, 200430444, 13293069, 152041102, 197149693, 170645588, 186535228, 33305015, 154395452, 9254493, 191220055};









358077646 {135583334, 192500328, 36677833, 13293069, 138046289, 197149693, 170645588, 384060726, 191220055, 9254493, 492998559};




369193828 {58176736, 65792551, 182541771, 137068108, 137515949, 139429369, 5809338};

370945311 {170645588, 168202318};

372197413 {50845473, 65792551, 170388844, 16052178, 195618226, 8270423, 206395769};



379291707 {33305015};






384060726 {15899559, 44352107, 7086219, 168202318, 197149693, 191676274, 170645588, 186535228, 8270423, 154395452, 9254493};

387544903 {62865344, 44352107, 152041102, 132235517, 197149693};
387917128 {16052178, 46750307, 8270423};
389154364 {189233415, 197149693, 8270423};


392824819 {5821997};


395672179 {5053806};




405788529 {112922515, 213265717, 92033110, 8270423};




413628900 {189233415, 168202318, 8270423};


416703743 {53500863};

417454280 {78188113};
418212464 {53500863};











429509909 {58176736, 65792551, 182541771, 137515949, 173086711};
430316207 {13293069, 152041102, 168202318, 173739053, 138046289, 197149693, 170645588, 103487414, 191220055, 11971195, 154395452, 9254493};
431553301 {112922515};

432681130 {197312642, 55134565, 65792551, 157160330, 2902315, 147248, 132235517};
440046249 {13293069, 168202318, 5053806, 191676274, 170645588, 211465785, 571130267, 186535228, 9254493};

441197963 {58176736, 176587137, 65792551, 93179980, 137515949};



443945426 {160867315, 65792551, 8270423, 505779471};





448300324 {13293069, 168202318, 138046289, 191676274, 103487414, 9254493};

449700119 {58176736, 65792551, 93179980, 137515949, 74460596, 155122711};




455287265 {159124981, 8270423};
456636476 {8861153, 53097666, 121481890, 197312642, 65792551, 157160330, 137515949, 12601518, 147248, 83895891, 15245048, 132235517};

460168259 {184899883, 8270423};


462996621 {152041102};





469140766 {149668089, 159124981, 8270423};
469298565 {152041102, 9254493, 358077646, 21282511};
470661046 {9254493, 168202318, 170645588, 8270423, 197149693};






472659912 {160710592, 132332526, 16052178, 112922515, 8270423, 10666171};



476143797 {33305015};


479012964 {186535228};


481818244 {191676274};

482644302 {8270423};
482771720 {15899559, 13293069, 168202318, 138046289, 191676274, 170645588, 186535228, 154395452, 9254493};
484029319 {135583334, 15899559, 13293069, 152041102, 158845487, 168202318, 138046289, 191676274, 112922515, 170645588, 197149693, 103487414, 186535228, 154395452, 9254493, 191220055};





489329397 {55748263, 42797099, 5821997, 173739053, 170645588, 8270423};

489456102 {65792551, 15899559, 170388844, 13293069, 7382961, 138046289, 170645588, 33305015, 197149693};
489683855 {131601653, 8270423};
490905608 {8861153, 121481890, 197312642, 307530347, 137515949, 12601518, 147248, 15245048, 58308689, 194824145, 10833720, 132235517, 168680062, 56704415};
492998559 {168202318};


494811938 {30324528, 65792551};



502447968 {8861153, 121481890, 19093413, 65792551, 157160330, 2902315, 61928365, 137515949, 2617489, 191676274, 83895891, 103487414, 15245048, 132235517};



505779471 {58176736, 50845473, 176587137, 65792551, 93179980, 137515949, 40096814, 152041102, 170388844, 195618226, 74460596, 114570132, 155122711, 8270423, 206395769, 186535228, 197149693};









511664014 {13293069, 112922515, 9254493, 8270423};





515844542 {168318328, 137515949, 15245048, 132235517, 168680062};

516018358 {186535228, 13293069};



519676753 {8861153, 19093413, 65792551, 157160330, 2902315, 61928365, 137515949, 168202318, 191676274, 83895891, 103487414, 15245048, 132235517};














535557649 {16165015, 16052178, 8270423};














555249754 {196655712, 7086219, 7620780, 8270423, 52655423};


555822928 {168202318};




















561238735 {33305015, 76379265, 65792551, 8651848, 511664014, 40096814, 158845487, 16052178, 112922515, 159124981, 8270423, 9254493, 52655423};










568266273 {137515949, 65792551};


571130267 {9254493};







577942669 {8861153, 19093413, 65792551, 157160330, 2902315, 61928365, 12601518, 137515949, 191676274, 83895891, 103487414, 15245048, 132235517};



588834789 {173086711, 182541771, 8270423};
589394037 {8861153, 2902315, 137515949, 12601518, 191676274, 103487414, 15245048, 132235517};
594389248 {160710592, 16052178, 8270423};