
89064 {292648208, 10353915, 14475028, 10734061};
321892 {17093345, 49539012, 10353915, 964084, 99515675};
411105 {35772352, 72240516, 257725380, 8476294, 155690047, 796367, 33322863, 12509937, 14475028, 61704535, 10353915, 5343293, 102772671};
433292 {292648208, 10102259};
479729 {3559586, 98664804, 170997801, 786282, 2988337, 14475028, 38901911};
658200 {147109817, 86821578, 14848829};
697093 {8476294, 184726888, 10734061, 22523405, 31206253, 33322863, 109442157, 14475028, 138503352, 147109817, 3828797};
749840 {17093345, 10618408, 170997801, 13293645, 796367, 33322863, 138503352, 3828797};
786282 {13976582, 42100619, 7079956, 14475028, 10618408, 2988337, 138503352, 3828797, 63798978, 13293645, 796367, 61704535, 6891232, 17093345, 11456360, 10734061, 33322863, 479729, 1832954, 10353915};
796367 {8476294, 13976582, 42100619, 749840, 7079956, 14475028, 38901911, 10618408, 170997801, 22323628, 2988337, 138503352, 3828797, 63798978, 5550403, 13293645, 246439120, 6891232, 411105, 17093345, 11456360, 786282, 10734061, 33322863, 211292915, 273276659, 1832954, 10353915};
964084 {10353915, 321892, 109442157, 8476294};
1247508 {229353472, 5065315, 503612228, 71554102, 25637049};
1336908 {2192469};
1832954 {17093345, 5065315, 13976582, 10618408, 184726888, 786282, 31206253, 796367, 33322863, 99515675, 246439120, 5541203, 7079956, 14475028, 211292915, 138503352, 10353915};
1910903 {8476294, 263467945, 23812780, 10734061, 273276659};
2192469 {207022848, 109344900, 1336908, 182197235, 157756789, 69294747};
2251838 {56106203, 14475028, 85406627};
2342064 {98664804, 43791751, 10618408, 22946481, 177701566};
2632539 {96732801, 5065315, 337745113, 503612228, 263467945, 86821578, 519765369, 184296334, 11158095, 140153968, 12509937, 3559699, 14475028, 41936440, 25637049};
2988337 {49539012, 10618408, 786282, 10734061, 796367, 479729, 3828797};
3559586 {479729, 170997801, 31670812, 38901911};
3559699 {17572868, 21012295, 11456360, 26609513, 4112266, 263467945, 58113836, 184296334, 140153968, 23420689, 14475028, 3760277, 118636116, 41936440, 2632539};
3760277 {10618408, 170731720, 109442157, 23420689, 3559699, 146242483};
3828797 {17093345, 697093, 10618408, 170997801, 786282, 10734061, 13293645, 796367, 749840, 2988337, 22523405, 31206253, 33322863};

4112266 {155612417, 51844550, 21012295, 99185543, 103713352, 162546413, 292648208, 23420689, 177898097, 3559699, 14475028, 76701971, 134317590, 201225041, 41936440, 228471413, 439698458};

5065315 {14475028, 1247508, 1832954, 2632539, 5343293};
5343293 {35772352, 411105, 448775232, 5065315, 17572868, 72240516, 143286307, 227288518, 511075713, 86821578, 122022218, 158281592, 134788437, 41936440, 120052760};
5541203 {1832954};
5550403 {152390816, 17093345, 63798978, 17190789, 10618408, 190900234, 13293645, 796367, 33322863, 12509937, 352516914, 500805399, 41936440, 259167101, 13991071};
5915583 {56106203, 85406627, 196839931};
6769264 {140691204};
6891232 {10618408, 786282, 13293645, 796367, 33322863};
7079956 {229353472, 8476294, 13976582, 42100619, 14475028, 99515675, 10618408, 82826414, 138503352, 189837500, 63798978, 13293645, 796367, 246439120, 17093345, 11456360, 786282, 33322863, 1832954, 10353915};
8476294 {72240516, 697093, 13976582, 42100619, 7079956, 14475028, 10618408, 263467945, 23812780, 196839931, 41936440, 138503352, 63798978, 796367, 246439120, 61704535, 411105, 17093345, 11456360, 10734061, 31206253, 33322863, 109442157, 964084, 1910903, 45835769, 10353915};
10102259 {34340403, 433292, 322032270};
10353915 {229353472, 8476294, 42100619, 7079956, 14475028, 99515675, 138503352, 13293645, 796367, 411105, 17093345, 321892, 89064, 11456360, 786282, 109442157, 964084, 45835769, 1832954};
10618408 {8476294, 13976582, 42100619, 749840, 292648208, 7079956, 3760277, 14475028, 99515675, 22323628, 2342064, 2988337, 146242483, 138503352, 208386232, 3828797, 5550403, 13293645, 796367, 6891232, 17093345, 11456360, 786282, 10734061, 109442157, 33322863, 273276659, 1832954};
10734061 {697093, 8476294, 89064, 10618408, 786282, 13293645, 22523405, 796367, 11158095, 2988337, 12509937, 31206253, 33322863, 109442157, 1910903, 3828797};
11158095 {17572868, 161635268, 58113836, 10734061, 184296334, 796367, 140153968, 12509937, 248176814, 273276659, 14475028, 176584469, 138557111, 41936440, 145702809, 2632539};
11456360 {229353472, 8476294, 13976582, 190900234, 42100619, 184296334, 23420689, 3559699, 7079956, 14475028, 99515675, 10618408, 263467945, 22323628, 352516914, 138503352, 220998975, 244711361, 63798978, 315743173, 51844550, 182826057, 86821578, 13293645, 796367, 246439120, 17093345, 26609513, 786282, 33322863, 228471413, 10353915, 137096060, 259167101};
12150789 {49539012, 14475028, 43060318};
12509937 {411105, 151687233, 5550403, 10734061, 13293645, 11158095, 33322863, 140153968, 184296334, 14475028, 41936440, 2632539};
12633115 {27249353};
13293645 {229353472, 13976582, 42100619, 749840, 7079956, 14475028, 99515675, 10618408, 263467945, 22323628, 82826414, 41936440, 138503352, 3828797, 63798978, 5550403, 796367, 246439120, 6891232, 17093345, 11456360, 786282, 10734061, 33322863, 12509937, 10353915};
13762021 {98266658, 373044627, 52784676};
13976582 {8476294, 42100619, 160792717, 7079956, 14475028, 10618408, 22323628, 138503352, 63798978, 49539012, 103713352, 13293645, 796367, 246439120, 118636116, 17093345, 11456360, 184726888, 786282, 33322863, 177898097, 211292915, 273276659, 1832954};
13991071 {5550403, 89537482, 23420689, 161570547, 197009528, 41936440, 121305372};
14475028 {229353472, 144984579, 17572868, 12150789, 13976582, 106976775, 7079956, 10618408, 41936440, 161076284, 2251838, 103713352, 13293645, 11158095, 154787926, 5065315, 329115238, 143075950, 140153968, 8476294, 55651976, 152390816, 98956464, 22946481, 138503352, 25637049, 295516856, 145439425, 63798978, 796367, 246439120, 93709523, 108581076, 160212186, 17093345, 124974819, 120665320, 12509937, 273276659, 10353915, 207022848, 203768580, 697093, 385241866, 150392078, 23420689, 3559699, 76701971, 99515675, 233130796, 199485236, 14848829, 167795013, 99478352, 273693010, 145700694, 61704535, 2632539, 230073699, 176626023, 11456360, 786282, 33322863, 52610934, 41520506, 115258240, 113133961, 4112266, 42100619, 184296334, 176313233, 373044627, 263467945, 146242483, 102772671, 315743173, 51844550, 227288518, 411105, 89064, 188484073, 479729, 1832954, 172868094};
14793015 {42100619, 109442157};
14848829 {99232775, 86821578, 14475028, 658200, 147109817, 41520506};
15901475 {121833014, 53571803, 43060318};
17093345 {8476294, 13976582, 42100619, 749840, 7079956, 14475028, 99515675, 10618408, 22323628, 138503352, 3828797, 5550403, 13293645, 796367, 246439120, 321892, 11456360, 188484073, 786282, 33322863, 1832954, 10353915};
17190789 {5550403};
17572868 {271544971, 184296334, 207896590, 292648208, 3559699, 14475028, 500805399, 145702809, 500562085, 41936440, 5343293, 257725380, 21012295, 86821578, 11158095, 179874151, 120665320, 177898097, 50862709, 41520506};
20741873 {183335207, 86821578, 248176814, 176313233, 122033046, 145702809, 147109817};
21012295 {144984579, 17572868, 4112266, 184296334, 292648208, 176313233, 3559699, 53901715, 145702809, 69294747, 183335207, 58113836, 248176814, 37194166, 138557111, 41936440, 147109817, 204081855, 151687233, 161635268, 214373093, 120665320, 108076010, 140153968, 50862709};
21174060 {262583106, 329115238, 436710922, 160792717, 93878862, 163872078, 381516048, 108581076, 118636116, 71554102, 284214456, 162795647};
22323628 {10618408, 13976582, 796367};
22523405 {697093, 10734061, 31206253, 33322863, 3828797};
22946481 {2342064, 98664804, 14475028, 43791751};
23420689 {155612417, 4112266, 292648208, 3559699, 14475028, 3760277, 438579603, 214197912, 13991071, 263467945, 23812780, 41936440, 25637049, 327969348, 167795013, 170731720, 182826057, 99497423, 56106203, 147726301, 230549086, 87178977, 188032613, 11456360, 26609513, 212220910, 245567474, 228471413};
23812780 {23420689, 184296334, 8476294, 1910903};
25637049 {123851064, 52784676, 53571803, 23420689, 438579603, 1247508, 14475028, 208557398, 41936440, 2632539};
26609513 {135436353, 117544292, 503612228, 11456360, 263467945, 23420689, 3559699};
27249353 {12633115};

31206253 {697093, 8476294, 10734061, 22523405, 33322863, 109442157, 61704535, 1832954, 3828797};
31670812 {170997801, 3559586, 307065767, 38901911};
32192862 {108581076};
33322863 {697093, 8476294, 13976582, 42100619, 22523405, 749840, 7079956, 14475028, 99515675, 10618408, 41936440, 138503352, 3828797, 63798978, 5550403, 13293645, 796367, 246439120, 411105, 17093345, 11456360, 184726888, 786282, 10734061, 31206253, 12509937, 211292915, 1832954};
34340403 {10102259, 322032270};
35772352 {411105, 184296334, 331636626, 5343293, 102772671};
37194166 {21012295};
38901911 {3559586, 170997801, 796367, 479729, 31670812};

41520506 {17572868, 86821578, 292648208, 14475028, 145702809, 147109817, 14848829};
41936440 {17572868, 8476294, 4112266, 42100619, 271544971, 184296334, 292648208, 23420689, 269928593, 3559699, 14475028, 438579603, 145702809, 263467945, 58113836, 138557111, 123851064, 25637049, 5343293, 151687233, 5550403, 161635268, 21012295, 13293645, 11158095, 134788437, 208557398, 156423385, 53571803, 2632539, 33322863, 140153968, 12509937, 177898097, 152219900};
42100619 {8476294, 13976582, 113133961, 292648208, 76701971, 7079956, 14475028, 99515675, 150924317, 10618408, 22323628, 14793015, 41936440, 138503352, 49539012, 86821578, 13293645, 796367, 17093345, 11456360, 786282, 33322863, 10353915};
42353808 {87178977, 106976775, 122022218, 58113836, 202693872, 230549086};
43060318 {15901475, 12150789, 220054603, 171234508, 202693872, 331636626, 219144830};
43791751 {2342064, 22946481, 98664804};

45170897 {52784676};
45835769 {10353915, 49539012, 8476294};
46197694 {169414152, 172253309, 208557398, 162795647};
49539012 {321892, 12150789, 13976582, 42100619, 109442157, 292648208, 2988337, 138503352, 45835769};
50862709 {292648208, 99497423, 17572868, 21012295};
51844550 {63798978, 11456360, 4112266, 190900234, 162546413, 178223341, 184296334, 140153968, 177898097, 245567474, 14475028, 228471413, 134317590, 261540406, 259167101, 220998975};
52610934 {96732801, 156423385, 14475028, 180159118};
52784676 {25637049, 45170897, 13762021};
53315208 {148378776, 292648208, 144984579, 75588807};
53571803 {15901475, 438579603, 41936440, 25637049, 145702809};
53901715 {183335207, 120665320, 21012295, 109442157, 248176814, 61704535, 189837500};
55256087 {292648208, 113179222};
55651976 {144984579, 203768580, 106976775, 86821578, 93709523, 14475028};
56106203 {85406627, 23420689, 196839931, 2251838, 5915583};
58113836 {135436353, 21012295, 99185543, 108076010, 253682423, 133166476, 184296334, 11158095, 42353808, 248176814, 135348658, 3559699, 292648208, 176584469, 138557111, 41936440, 147109817, 97486111};
61704535 {411105, 72240516, 8476294, 786282, 67849387, 31206253, 53901715, 14475028, 155690047};
62176607 {122022218};
63798978 {155612417, 8476294, 13976582, 7079956, 14475028, 134317590, 22323628, 261540406, 220998975, 5550403, 315743173, 51844550, 182826057, 13293645, 796367, 11456360, 184726888, 786282, 178223341, 33322863, 211292915, 228471413};
66281672 {162546413, 98266658, 122022218};
67849387 {306462273, 152340002, 188180809, 112809066, 292648208, 61704535, 147726301};

69294747 {207022848, 145439425, 379230659, 161635268, 109344900, 21012295, 2192469};
69471202 {273276659, 136646076, 383506326};
71007456 {214373093, 146551175};
71554102 {262583106, 21174060, 160792717, 381516048, 1247508};
72240516 {411105, 5343293, 8476294, 61704535};
72982126 {124974819, 99232775, 163964138, 233130796, 373044627, 199485236, 160212186};
75588807 {53315208, 292648208, 148378776};
76701971 {4112266, 42100619, 158189100, 143075950, 159795535, 14475028, 123851064, 99515675, 192856446};
79853794 {207022848, 210718915, 162546413, 154787926, 192856446};
82826414 {7079956, 13293645};
85144597 {124974819, 183335207, 197394215, 138557111, 145702809, 172253309, 196649303, 94678687};
85406627 {56106203, 146242483, 196839931, 2251838, 5915583};
86821578 {229353472, 17572868, 99232775, 113133961, 42100619, 500805399, 658200, 183335207, 248176814, 147109817, 5343293, 14848829, 160212186, 2632539, 179874151, 11456360, 20741873, 41520506, 89713532};
87047699 {244711361, 103713352, 170731720, 101474764, 292648208};
87178977 {109344900, 161635268, 121368237, 42353808, 23420689, 292648208, 438579603, 143975956, 222751322};
89537482 {204714250, 161570547, 121305372, 13991071};
89713532 {207022848, 143286307, 117544292, 160919205, 203906790, 103713352, 86821578, 219144830, 385241866, 163872078, 198576430, 98956464, 140615638, 99668727, 112378586, 150924317, 141911166};
90879288 {395508024, 161635268, 165338212, 101474764, 259167101, 208557398, 123851064, 486921849, 172253309, 219144830, 150720543};
92342508 {329115238, 113798058, 499721131, 150589172, 144918613};
93709523 {55651976, 113133961, 113798058, 14475028, 160212186, 99515675};
93878862 {284214456, 108581076, 21174060, 162795647};
94265161 {207022848, 155612417, 99185543, 103713352, 202693872, 138847123, 154787926, 172253309, 150720543};
94678687 {85144597};
96732801 {315743173, 102038089, 157385257, 188484073, 214197912, 152219900, 151904277, 52610934, 208386232, 519765369, 2632539, 137096060, 177701566, 162795647};
97307783 {211900664};
97486111 {122022218, 58113836, 162546413, 292648208, 373044627};
97788940 {207022848, 203906790, 160919205, 138649038};
98266658 {66281672, 176313233, 122022218, 13762021};
98664804 {188032613, 43791751, 219144830, 2342064, 479729, 22946481, 177701566};
98956464 {207022848, 210718915, 227288518, 331636626, 14475028, 134788437, 140615638, 89713532};
99185543 {135436353, 99232775, 94265161, 4112266, 233568747, 58113836, 271544971, 292648208, 230615929, 150981790};
99232775 {135436353, 124974819, 99185543, 188180809, 86821578, 72982126, 373044627, 199485236, 14848829};
99478352 {158189100, 14475028, 157756789, 99515675, 207406718};
99497423 {103713352, 182826057, 292648208, 23420689, 50862709};
99515675 {229353472, 113133961, 42100619, 292648208, 76701971, 7079956, 14475028, 10618408, 263467945, 138503352, 13293645, 99478352, 93709523, 160212186, 230549086, 17093345, 321892, 11456360, 143075950, 33322863, 1832954, 10353915};
99668727 {117544292, 420936917, 140615638, 112378586, 89713532, 172253309};
101474764 {170731720, 207896590, 184296334, 87047699, 90879288};
102038089 {115258240, 96732801, 315743173, 145654794, 179683696, 151904277, 214197912};
102772671 {35772352, 411105, 184296334, 352516914, 14475028, 413329534};
103713352 {207022848, 133703425, 229353472, 109344900, 13976582, 146551175, 4112266, 184296334, 292648208, 87047699, 14475028, 151904277, 160919205, 307065767, 98956464, 327969348, 315743173, 94265161, 99497423, 295056977, 112378586, 155594851, 188484073, 163964138, 342524403, 89713532};
106641863 {155612417, 210718915, 197394215, 146551175, 220054603, 270048953, 269208345, 150924317};
106976775 {55651976, 42353808, 153089811, 14475028, 199485236, 373044627, 160212186};
107691770 {192739494};
108076010 {148666705, 189480707, 58113836, 21012295};
108581076 {188484073, 21174060, 160792717, 93878862, 177898097, 14475028, 284214456, 156423385, 32192862};
109344900 {207022848, 189480707, 226179081, 269928593, 331636626, 438579603, 69294747, 152390816, 192739494, 157385257, 507625385, 145439425, 103713352, 195806670, 134206417, 2192469, 159362007, 87178977, 208312171, 182197235, 162795647};
109442157 {49539012, 697093, 8476294, 10618408, 120665320, 10734061, 31206253, 53901715, 964084, 3760277, 14793015, 138503352, 10353915, 189837500};
110101479 {157385257, 184391618, 192856446};
112378586 {155612417, 179874151, 103713352, 177898097, 99668727, 89713532};
112809066 {140153968, 143286307, 67849387, 142008493};
113133961 {230073699, 161635268, 203768580, 188484073, 86821578, 42100619, 143075950, 385070638, 93709523, 14475028, 157756789, 145700694, 295516856, 160212186, 99515675};
113179222 {55256087};
113798058 {152390816, 207022848, 329115238, 499721131, 92342508, 269928593, 93709523, 150589172, 144918613, 193540915, 138503352, 486921849};
115134504 {170731720, 155612417, 457160605, 207022848};
115258240 {315743173, 102038089, 145654794, 188484073, 14475028, 151904277, 137096060};
117544292 {207022848, 135436353, 257725380, 160919205, 203906790, 503612228, 26609513, 385241866, 198576430, 159795535, 295056977, 140615638, 99668727, 89713532, 150924317};
118636116 {207022848, 145439425, 13976582, 122022218, 21174060, 160792717, 143075950, 134206417, 164862994, 3559699, 134134260, 172253309};
119397749 {306462273, 230549086};

120052760 {152390816, 229353472, 155594851, 5343293};
120665320 {17572868, 21012295, 183335207, 109442157, 248176814, 53901715, 14475028, 189837500};
121305372 {197009528, 89537482, 161570547, 13991071};
121368237 {87178977, 190900234, 207406718, 162546413, 328645357, 201829235, 194881113, 172868094};
121833014 {179683696, 15901475, 189837500};
122022218 {98266658, 62176607, 66281672, 385070638, 42353808, 118636116, 134134260, 5343293, 97486111};
122033046 {183335207, 248176814, 292648208, 20741873, 176313233, 259167101};
123851064 {207022848, 271544971, 164862994, 76701971, 331636626, 145702809, 150924317, 90879288, 41936440, 25637049, 395508024, 161635268, 208557398, 336742251, 170524533, 172253309, 211900664, 486921849, 152219900, 259167101, 219144830};
124891776 {41520506, 15901475};
124974819 {99232775, 233130796, 72982126, 373044627, 14475028, 85144597, 199485236, 160212186, 150981790};
129141526 {331636626, 144918613, 329115238};

132417375 {171234508, 161635268};
133166476 {58113836};
133360813 {207022848, 197394215, 160792717, 163872078, 269928593, 170524533, 486921849, 214391741};
133703425 {103713352, 269928593, 202693872, 486921849};
134134260 {249084097, 184395623, 122022218, 118636116, 330268982, 196649303};
134206417 {152390816, 145439425, 207022848, 109344900, 140691204, 192739494, 227288518, 157385257, 269928593, 118636116, 413329534};
134317590 {155612417, 63798978, 155594851, 51844550, 4112266, 328645357, 150924317, 220998975};
134788437 {271544971, 499721131, 98956464, 331636626, 41936440, 5343293};
135348658 {170731720, 58113836};
135436353 {117544292, 503612228, 99185543, 99232775, 26609513, 58113836, 37194166, 361649307, 141911166};
136646076 {207022848, 69471202, 263467945, 273276659, 383506326};
137076745 {145654794, 327969348, 188032613};
137096060 {115258240, 96732801, 327969348, 315743173, 11456360, 157385257, 145654794, 212220910, 151904277, 228471413};
138503352 {229353472, 697093, 8476294, 13976582, 42100619, 749840, 7079956, 14475028, 99515675, 10618408, 113798058, 22323628, 189837500, 49539012, 13293645, 796367, 246439120, 160212186, 17093345, 11456360, 184726888, 786282, 109442157, 33322863, 1832954, 10353915, 207406718};
138557111 {21012295, 183335207, 58113836, 248176814, 11158095, 292648208, 176313233, 85144597, 253682423, 41936440, 145702809};
138649038 {207022848, 385241866, 97788940};
138847123 {207022848, 94265161};
139964117 {292648208, 172253309, 177701566};
140153968 {144984579, 184296334, 292648208, 3559699, 14475028, 263467945, 142008493, 41936440, 177701566, 204081855, 151687233, 161635268, 51844550, 21012295, 11158095, 2632539, 112809066, 12509937, 182197235, 152219900};
140615638 {207022848, 117544292, 160919205, 203906790, 198576430, 98956464, 208557398, 99668727, 89713532, 150924317};
140691204 {271544971, 174660365, 198576430, 6769264, 331636626, 208386232};
141911166 {135436353, 385241866, 198576430, 152350958, 230615929, 89713532, 150924317};
142008493 {140153968, 306376073, 112809066};
142019176 {177159712, 379230659, 161635268, 160919205, 156761991};

143075950 {152390816, 113133961, 158189100, 159795535, 76701971, 14475028, 118636116, 160212186, 99515675, 192856446};
143286307 {448775232, 329115238, 112809066, 436710922, 144918613, 89713532, 5343293};
143975956 {87178977, 292648208, 438579603, 159362007, 162795647};
144918613 {143286307, 329115238, 113798058, 436710922, 92342508, 499721131, 150589172, 129141526};
144984579 {21012295, 53315208, 184296334, 140153968, 14475028};
145439425 {152390816, 207022848, 109344900, 192739494, 203906790, 227288518, 157385257, 195806670, 134206417, 269928593, 182197235, 14475028, 118636116, 145700694, 331636626, 69294747, 413329534};
145654794 {115258240, 155612417, 315743173, 137076745, 102038089, 152219900, 151904277, 137096060, 259167101};
145700694 {145439425, 230073699, 203768580, 113133961, 14475028, 157756789, 295516856};
145702809 {17572868, 292648208, 176313233, 85144597, 183335207, 248176814, 138557111, 123851064, 41936440, 189837500, 161076284, 151687233, 161635268, 21012295, 11158095, 196649303, 53571803, 20741873, 253682423, 41520506, 172253309};
146242483 {85406627, 10618408, 292648208, 14475028, 3760277};
146423560 {249084097};
146551175 {71007456, 212394695, 103713352, 106641863, 295056977, 342524403};
147109817 {697093, 184296334, 207896590, 292648208, 331636626, 658200, 183335207, 58113836, 248176814, 14848829, 161635268, 21012295, 170731720, 86821578, 329115238, 179874151, 188484073, 20741873, 41520506};

147726301 {152340002, 67849387, 292648208, 23420689, 337745113, 219144830, 150720543};
148378776 {53315208, 75588807};
148666705 {108076010};
150392078 {189480707, 14475028, 214197912, 161076284, 192856446};
150589172 {329115238, 113798058, 499721131, 92342508, 198576430, 269928593, 193540915, 144918613, 486921849};
150720543 {161635268, 170731720, 94265161, 90879288, 147726301};
150924317 {207022848, 155612417, 42100619, 501967116, 269928593, 331636626, 486921849, 134317590, 269208345, 141911166, 457160605, 197394215, 447992488, 198576430, 539086517, 330268982, 123851064, 270048953, 210718915, 503612228, 106641863, 232588754, 140615638, 219505624, 117544292, 152350958, 170524533, 230615929, 89713532, 259167101, 207406718};
150981790 {124974819, 99185543};
151687233 {21012295, 140153968, 12509937, 41936440, 145702809};
151904277 {115258240, 96732801, 229353472, 315743173, 103713352, 102038089, 145654794, 188484073, 179683696, 137096060};
152103512 {292648208};
152219900 {152390816, 96732801, 152340002, 123851064, 161635268, 145654794, 233568747, 162546413, 140153968, 41936440, 219144830, 204081855};
152340002 {147726301};
152350958 {197394215, 447992488, 170524533, 330268982, 219505624, 150924317, 141911166};
152390816 {207022848, 109344900, 292648208, 269928593, 331636626, 14475028, 500805399, 120052760, 192739494, 157385257, 113798058, 158189100, 145439425, 5550403, 227288518, 220054603, 195806670, 134206417, 203906790, 208312171, 143075950, 202693872, 182197235, 152219900};
153089811 {230073699, 203768580, 157756789};
153908300 {271544971, 233283835};
154787926 {79853794, 210718915, 94265161, 158189100, 14475028, 160212186, 219144830};

155594851 {207022848, 103713352, 184296334, 198576430, 207896590, 134317590, 120052760, 259167101};
155612417 {207022848, 306376073, 4112266, 145654794, 190900234, 259167101, 207896590, 23420689, 134317590, 150924317, 115134504, 220998975, 63798978, 161635268, 106641863, 94265161, 201225041, 112378586, 178223341, 177898097, 486921849, 172253309};
155690047 {411105, 61704535};
155742448 {230615929, 331636626, 474477202};
156423385 {263467945, 184296334, 292648208, 108581076, 52610934, 41936440, 177701566};
156761991 {142019176, 177159712};
157385257 {152390816, 96732801, 145439425, 207022848, 109344900, 160919205, 192739494, 110101479, 227288518, 188484073, 208312171, 158189100, 220054603, 195806670, 134206417, 177898097, 269928593, 137096060};
157756789 {230073699, 203768580, 113133961, 99478352, 153089811, 2192469, 145700694, 295516856, 160212186};
158189100 {152390816, 207022848, 174472451, 192739494, 227288518, 157385257, 208312171, 143075950, 159795535, 99478352, 163872078, 269928593, 76701971, 331636626, 352516914, 154787926, 445926098, 192856446};
158281592 {5343293};
159362007 {438579603, 109344900, 143975956};
159795535 {117544292, 192739494, 208312171, 158189100, 143075950, 76701971, 192856446};
160212186 {124974819, 230073699, 227288518, 106976775, 113133961, 86821578, 188484073, 233130796, 72982126, 143075950, 153089811, 14475028, 157756789, 154787926, 93709523, 138503352, 199485236, 99515675};
160792717 {262583106, 13976582, 329115238, 21174060, 133360813, 163872078, 108581076, 118636116, 71554102, 170524533, 192856446};
160919205 {207022848, 117544292, 257725380, 203906790, 103713352, 142019176, 157385257, 271544971, 97788940, 198576430, 212220910, 140615638, 89713532};
161076284 {150392078, 179683696, 445926098, 14475028, 145702809};
161570547 {89537482, 121305372, 13991071};
161635268 {155612417, 113133961, 271544971, 309709080, 145702809, 69294747, 150720543, 177159712, 90879288, 123851064, 147109817, 41936440, 204081855, 379230659, 503612228, 21012295, 188180809, 11158095, 208557398, 132417375, 87178977, 203906790, 142019176, 140153968, 182197235, 152219900};
162546413 {79853794, 51844550, 66281672, 4112266, 190900234, 121368237, 328645357, 201829235, 228471413, 194881113, 152219900, 172253309, 207406718, 97486111};
162795647 {96732801, 230073699, 109344900, 507625385, 21174060, 93878862, 438579603, 143975956, 284214456, 46197694};
163872078 {262583106, 197394215, 21174060, 133360813, 158189100, 160792717, 292648208, 178223341, 232588754, 278323185, 474477202, 261540406, 230615929, 89713532};
163964138 {103713352, 72982126};
164862994 {271544971, 336742251, 259167101, 292648208, 118636116, 208557398, 123851064, 172253309};
165245117 {306376073, 184391618, 222751322, 539086517};
165338212 {90879288, 207022848, 219144830};
167795013 {23420689, 14475028};
168116131 {198469499, 539086517, 176626023};
169414152 {46197694};
169787297 {211900664};
170524533 {207022848, 262583106, 197394215, 133360813, 152350958, 160792717, 214391741, 219505624, 150924317};
170731720 {207022848, 327969348, 188032613, 315743173, 115134504, 226179081, 271544971, 101474764, 292648208, 23420689, 135348658, 87047699, 3760277, 214197912, 147109817, 219144830, 150720543};
170997801 {3559586, 311119438, 796367, 749840, 479729, 38901911, 31670812, 3828797};
171234508 {220054603, 331636626, 474477202, 539086517, 219505624, 230615929, 43060318, 132417375};
172253309 {155612417, 123851064, 183335207, 94265161, 271544971, 162546413, 184296334, 292648208, 486921849, 164862994, 118636116, 85144597, 139964117, 99668727, 90879288, 145702809, 259167101, 46197694};
172441995 {180409184};
172868094 {328645357, 14475028, 121368237, 208557398};
174472451 {158189100};
174660365 {271544971, 140691204, 195806670};
176313233 {98266658, 21012295, 183335207, 188484073, 253682423, 248176814, 20741873, 14475028, 122033046, 138557111, 145702809, 189837500, 196649303};
176584469 {58113836};
176626023 {198469499, 331636626, 168116131, 14475028};
177159712 {142019176, 161635268, 156761991};
177701566 {207022848, 96732801, 98664804, 2342064, 140153968, 196649303, 156423385};
177898097 {155612417, 17572868, 327969348, 13976582, 51844550, 503612228, 157385257, 4112266, 184296334, 292648208, 23420689, 93709523, 108581076, 41936440, 112378586, 457160605};
178223341 {155612417, 63798978, 51844550, 163872078, 201225041, 261540406};
179683696 {102038089, 385070638, 292648208, 245567474, 151904277, 121833014, 161076284};
179874151 {439698458, 17572868, 86821578, 292648208, 658200, 147109817, 112378586};
180159118 {219505624, 208312171, 52610934};
180409184 {232588754, 172441995};
182197235 {152390816, 145439425, 207022848, 379230659, 109344900, 161635268, 140153968, 2192469, 309709080, 69294747};
182826057 {63798978, 315743173, 11456360, 99497423, 292648208, 23420689, 228471413, 270048953};
183335207 {21012295, 120665320, 86821578, 253682423, 248176814, 176313233, 20741873, 53901715, 85144597, 122033046, 138557111, 145702809, 147109817, 189837500, 172253309};
184296334 {144984579, 203768580, 17572868, 271544971, 259167101, 207896590, 292648208, 331636626, 3559699, 14475028, 438579603, 263467945, 23812780, 58113836, 41936440, 147109817, 102772671, 35772352, 257725380, 315743173, 51844550, 21012295, 103713352, 503612228, 101474764, 11158095, 156423385, 2632539, 155594851, 214373093, 11456360, 140153968, 12509937, 172253309};
184391618 {188032613, 110101479, 306376073, 486921849, 165245117};
184395623 {249084097, 134134260, 196649303};
184726888 {63798978, 697093, 13976582, 33322863, 138503352, 1832954};

188032613 {184391618, 98664804, 327969348, 170731720, 137076745, 226179081, 23420689, 457160605, 219144830};
188180809 {67849387, 161635268, 379230659, 99232775};
188484073 {115258240, 17093345, 96732801, 229353472, 315743173, 329115238, 103713352, 113133961, 157385257, 176313233, 108581076, 14475028, 151904277, 147109817, 160212186, 230549086};

189480707 {108076010, 109344900, 150392078};
189837500 {229353472, 183335207, 120665320, 109442157, 248176814, 176313233, 53901715, 7079956, 121833014, 138503352, 145702809};
190900234 {155612417, 5550403, 51844550, 11456360, 206591947, 162546413, 121368237, 328645357, 201829235, 228471413, 194881113, 259167101, 207406718};
192739494 {152390816, 145439425, 207022848, 109344900, 227288518, 157385257, 208312171, 158189100, 220054603, 159795535, 134206417, 269928593, 107691770, 207406718};
192856446 {110101479, 158189100, 160792717, 150392078, 143075950, 33322863, 159795535, 381516048, 76701971};
193540915 {113798058, 150589172, 220998975};
194881113 {190900234, 162546413, 121368237, 328645357, 201829235, 207406718};
195806670 {152390816, 145439425, 109344900, 157385257, 271544971, 174660365, 269928593};

196649303 {184395623, 176313233, 134134260, 85144597, 253682423, 145702809, 177701566};
196839931 {56106203, 85406627, 8476294, 5915583};
197009528 {121305372, 203768580, 13991071};
197394215 {395508024, 203906790, 106641863, 447992488, 133360813, 152350958, 163872078, 214391741, 511215475, 85144597, 170524533, 330268982, 219505624, 539086517, 150924317};
198469499 {211900664, 168116131, 176626023};
198576430 {207022848, 155594851, 117544292, 140691204, 160919205, 203906790, 227288518, 385241866, 220054603, 271544971, 150589172, 140615638, 219505624, 486921849, 89713532, 150924317, 141911166};

199485236 {124974819, 106976775, 99232775, 72982126, 373044627, 14475028, 160212186};
201225041 {155612417, 212394695, 4112266, 178223341, 207896590, 292648208, 342524403, 261540406, 259167101};
201829235 {190900234, 162546413, 121368237, 328645357, 194881113, 207406718};
202693872 {152390816, 133703425, 207022848, 94265161, 42353808, 269928593, 331636626, 486921849, 43060318};
203768580 {230073699, 113133961, 295516856, 153089811, 14475028, 157756789, 145700694, 383506326, 197009528};
203906790 {152390816, 145439425, 207022848, 117544292, 161635268, 160919205, 197394215, 97788940, 198576430, 140615638, 230615929, 222751322, 89713532};
204081855 {379230659, 161635268, 21012295, 140153968, 152219900};
204714250 {89537482};
206552746 {271544971};
206591947 {190900234};
207022848 {155612417, 109344900, 385241866, 97788940, 269928593, 331636626, 138847123, 14475028, 486921849, 69294747, 150924317, 152390816, 160919205, 192739494, 115134504, 157385257, 113798058, 158189100, 133360813, 198576430, 98956464, 539086517, 123851064, 270048953, 413329534, 136646076, 177701566, 145439425, 327969348, 227288518, 103713352, 170731720, 94265161, 220054603, 138649038, 134206417, 118636116, 2192469, 140615638, 79853794, 155594851, 117544292, 165338212, 203906790, 208312171, 202693872, 182197235, 170524533, 211900664, 230615929, 89713532, 259167101, 207406718};
207406718 {192739494, 190900234, 162546413, 121368237, 328645357, 99478352, 201829235, 138503352, 194881113, 150924317};
207896590 {155612417, 155594851, 17572868, 503612228, 271544971, 101474764, 184296334, 201225041, 331636626, 147109817, 361649307};
208312171 {152390816, 207022848, 109344900, 192739494, 227288518, 157385257, 306376073, 158189100, 180159118, 159795535, 138847123};
208386232 {10618408, 96732801, 140691204};
208557398 {211900664, 90879288, 123851064, 161635268, 271544971, 486921849, 164862994, 46197694, 140615638, 41936440, 25637049, 259167101, 172868094};
210718915 {79853794, 227288518, 106641863, 98956464, 269928593, 486921849, 154787926, 270048953, 150924317};
211292915 {63798978, 13976582, 33322863, 796367, 1832954};
211900664 {207022848, 169787297, 97307783, 271544971, 208557398, 123851064, 198469499};
212220910 {23420689, 137096060, 160919205, 327969348};
212394695 {201225041, 146551175};

214197912 {96732801, 327969348, 503612228, 170731720, 102038089, 150392078, 23420689, 519765369};
214373093 {71007456, 306462273, 21012295, 184296334, 292648208};
214391741 {395508024, 170524533, 133360813, 197394215};
219144830 {123851064, 395508024, 165338212, 188032613, 98664804, 227288518, 170731720, 269928593, 152219900, 154787926, 90879288, 486921849, 89713532, 147726301, 43060318};
219505624 {197394215, 447992488, 171234508, 180159118, 198576430, 152350958, 269928593, 170524533, 330268982, 539086517, 486921849, 150924317};
220054603 {152390816, 207022848, 192739494, 106641863, 157385257, 171234508, 198576430, 511215475, 539086517, 43060318};
220998975 {155612417, 63798978, 51844550, 11456360, 193540915, 228471413, 134317590};
222751322 {87178977, 203906790, 306376073, 220054603, 511215475, 539086517, 165245117};
226179081 {170731720, 109344900, 188032613, 327969348};
227288518 {152390816, 145439425, 207022848, 210718915, 192739494, 157385257, 208312171, 158189100, 198576430, 98956464, 134206417, 269928593, 14475028, 486921849, 160212186, 5343293, 219144830};
228471413 {63798978, 51844550, 11456360, 182826057, 4112266, 190900234, 162546413, 23420689, 137096060, 259167101, 220998975};

229353472 {315743173, 11456360, 103713352, 86821578, 188484073, 13293645, 99515675, 1247508, 7079956, 14475028, 151904277, 138503352, 120052760, 10353915, 189837500};
230073699 {203768580, 113133961, 153089811, 14475028, 157756789, 145700694, 295516856, 160212186, 162795647};
230549086 {188484073, 42353808, 23420689, 119397749, 99515675};
230615929 {207022848, 203906790, 99185543, 171234508, 163872078, 155742448, 278323185, 474477202, 539086517, 150924317, 141911166};
232588754 {180409184, 262583106, 150924317, 163872078};
233130796 {124974819, 72982126, 373044627, 14475028, 160212186};
233283835 {153908300};
233568747 {152219900, 99185543};
244711361 {11456360, 87047699, 22323628};
245567474 {179683696, 23420689, 51844550};
246439120 {17093345, 8476294, 13976582, 11456360, 13293645, 796367, 33322863, 7079956, 14475028, 138503352, 1832954};
248176814 {21012295, 120665320, 183335207, 86821578, 253682423, 58113836, 11158095, 176313233, 20741873, 53901715, 122033046, 138557111, 145702809, 147109817, 189837500};
249084097 {146423560, 134134260, 184395623};

253682423 {183335207, 138557111, 58113836, 248176814, 176313233, 196649303, 145702809};
257725380 {411105, 117544292, 17572868, 160919205, 184296334, 331636626};
259167101 {207022848, 155612417, 145654794, 190900234, 271544971, 184296334, 269928593, 164862994, 122033046, 150924317, 457160605, 123851064, 90879288, 5550403, 503612228, 51844550, 201225041, 208557398, 155594851, 11456360, 228471413, 486921849, 172253309};
261540406 {63798978, 51844550, 178223341, 163872078, 201225041};
262583106 {21174060, 160792717, 163872078, 381516048, 232588754, 170524533, 71554102};
263467945 {2632539, 503612228, 8476294, 11456360, 26609513, 13293645, 184296334, 140153968, 23420689, 292648208, 3559699, 14475028, 1910903, 41936440, 156423385, 99515675, 136646076};
269208345 {501967116, 150924317, 106641863};
269928593 {207022848, 133703425, 109344900, 331636626, 150924317, 152390816, 192739494, 157385257, 113798058, 158189100, 133360813, 41936440, 413329534, 145439425, 210718915, 227288518, 195806670, 134206417, 219505624, 202693872, 150589172, 486921849, 259167101, 219144830};
270048953 {207022848, 210718915, 106641863, 182826057, 331636626, 150924317};

271544971 {140691204, 17572868, 99185543, 174660365, 184296334, 207896590, 164862994, 160919205, 206552746, 499721131, 198576430, 123851064, 41936440, 161635268, 170731720, 134788437, 208557398, 336742251, 211900664, 259167101};
273276659 {69471202, 13976582, 10618408, 11158095, 796367, 14475028, 383506326, 1910903, 136646076};
273693010 {14475028};
278323185 {230615929, 163872078};
284214456 {436710922, 21174060, 93878862, 108581076, 162795647};
292648208 {17572868, 99185543, 53315208, 433292, 184296334, 23420689, 87047699, 55256087, 145702809, 97486111, 152390816, 10618408, 263467945, 67849387, 58113836, 146242483, 138557111, 41936440, 147109817, 49539012, 75588807, 103713352, 170731720, 182826057, 156423385, 87178977, 214373093, 179874151, 140153968, 177898097, 179683696};
295056977 {103713352, 500805399, 117544292, 146551175};
295516856 {230073699, 203768580, 113133961, 14475028, 157756789, 145700694};
306376073 {155612417, 184391618, 208312171, 142008493, 511215475, 539086517, 222751322, 165245117};
306462273 {214373093, 67849387, 119397749};
307065767 {103713352, 31670812};
309709080 {182197235, 161635268};
311119438 {170997801};
315743173 {115258240, 96732801, 63798978, 229353472, 11456360, 103713352, 145654794, 170731720, 102038089, 182826057, 184296334, 188484073, 292648208, 14475028, 151904277, 137096060};
322032270 {34340403, 10102259};
327969348 {207022848, 188032613, 103713352, 137076745, 170731720, 226179081, 212220910, 23420689, 177898097, 214197912, 137096060};
328645357 {190900234, 207406718, 162546413, 121368237, 201829235, 134317590, 194881113, 172868094};
329115238 {448775232, 143286307, 188484073, 113798058, 436710922, 21174060, 92342508, 160792717, 499721131, 14475028, 144918613, 129141526, 150589172, 147109817};
330268982 {197394215, 447992488, 152350958, 134134260, 170524533, 219505624, 150924317};
331636626 {109344900, 140691204, 184296334, 207896590, 269928593, 129141526, 357997592, 152390816, 158189100, 98956464, 123851064, 147109817, 35772352, 145439425, 257725380, 134788437, 43060318, 176626023, 155742448, 202693872, 486921849};
336742251 {123851064, 164862994, 271544971};
337745113 {2632539, 147726301};
342524403 {103713352, 201225041, 146551175};
352516914 {5550403, 11456360, 158189100, 184296334, 99478352, 156423385, 102772671};
357997592 {331636626};
361649307 {135436353, 331636626, 207896590};

373044627 {124974819, 13762021, 106976775, 99232775, 233130796, 72982126, 14475028, 199485236, 97486111};
379230659 {161635268, 142019176, 188180809, 182197235, 69294747, 204081855};
381516048 {192856446, 21174060, 262583106, 71554102};
383506326 {69471202, 273276659, 136646076, 203768580};
385070638 {179683696, 113133961, 122022218};
385241866 {207022848, 203768580, 117544292, 198576430, 138649038, 14475028, 156423385, 89713532, 141911166};
395508024 {123851064, 197394215, 90879288, 214391741, 219144830};
410894492 {113133961, 263467945, 98956464, 23420689, 3559699, 89713532};
413329534 {207022848, 145439425, 134206417, 269928593, 102772671};
420936917 {99668727};

436710922 {448775232, 143286307, 329115238, 499721131, 21174060, 144918613, 284214456};
438579603 {87178977, 109344900, 507625385, 184296334, 23420689, 143975956, 159362007, 41936440, 25637049, 53571803, 162795647};
439698458 {4112266, 179874151};
445926098 {292648208, 158189100, 161076284};
447992488 {219505624, 150924317, 152350958, 197394215};
448775232 {436710922, 143286307, 5343293, 329115238};

457160605 {188032613, 115134504, 259167101, 177898097, 150924317};
474477202 {155742448, 230615929, 171234508, 163872078};
486921849 {207022848, 133703425, 155612417, 269928593, 331636626, 150924317, 113798058, 499721131, 133360813, 198576430, 539086517, 123851064, 90879288, 184391618, 210718915, 227288518, 208557398, 219505624, 202693872, 150589172, 172253309, 259167101, 219144830};

499721131 {329115238, 113798058, 271544971, 436710922, 92342508, 150589172, 144918613, 134788437, 486921849};
500562085 {17572868};
500805399 {152390816, 5550403, 17572868, 503612228, 86821578, 295056977};
501967116 {269208345, 150924317};
503612228 {135436353, 117544292, 161635268, 263467945, 26609513, 259167101, 184296334, 207896590, 177898097, 331636626, 1247508, 500805399, 214197912, 439698458, 2632539, 152219900, 150924317};
507625385 {438579603, 109344900, 162795647};
511075713 {5343293};
511215475 {197394215, 306376073, 220054603, 539086517, 222751322};
519765369 {214197912, 96732801, 2632539};
539086517 {207022848, 168116131, 197394215, 306376073, 220054603, 171234508, 486921849, 511215475, 165245117, 219505624, 230615929, 222751322, 150924317};


